# Considering num of As
Without higher rank lower rank consideration:
result for default strat 17 and sim_num 100000 and play_num 100000
scores: [42.968, 43.103, 43.046, 43.19, 43.326, 42.994, 42.909000000000006, 43.348, 42.913000000000004, 43.14, 43.117, 43.381, 43.277, 43.408, 43.103, 43.529, 43.119, 43.023, 43.0, 43.303999999999995, 43.086999999999996, 43.28, 43.039, 42.921, 42.684, 43.232, 43.324, 43.149, 42.756, 43.316, 42.9, 42.966, 43.319, 43.091, 42.855, 43.041000000000004, 43.169999999999995, 43.169999999999995, 43.162, 43.281, 43.295, 42.931999999999995, 42.935, 43.14, 43.271, 43.055, 42.789, 43.147000000000006, 43.149, 42.928, 42.79, 43.146, 43.174, 43.028, 43.219, 43.022, 43.149, 42.897, 43.191, 42.983, 43.458000000000006, 43.153999999999996, 43.091, 43.065999999999995, 42.909000000000006, 42.94, 42.821, 42.909000000000006, 43.155, 42.771, 43.206, 43.263, 43.199, 43.004, 42.88, 42.784, 43.145, 43.321, 43.277, 43.278, 43.144, 43.183, 43.303000000000004, 43.104, 43.113, 42.858000000000004, 43.049, 43.058, 43.013, 43.125, 43.120999999999995, 42.986999999999995, 43.120000000000005, 43.092999999999996, 43.212, 42.967, 43.56, 43.408, 43.004999999999995, 43.181999999999995]
average: 43.104169999999996
average cputime: 5.671161239999999

result for default strat 17 and sim_num 100000 and play_num 100000
scores: [43.039, 43.253, 43.059999999999995, 43.29, 43.256, 43.303999999999995, 42.725, 43.253, 42.979, 43.189, 43.077, 42.955, 43.253, 43.045, 42.970000000000006, 42.861, 42.809000000000005, 43.124, 43.029, 42.925999999999995, 43.265, 42.888, 43.012, 43.156, 43.021, 43.118, 43.412, 43.089, 43.035000000000004, 42.963, 42.828, 42.93, 43.167, 43.019, 43.272, 43.217, 43.143, 43.013, 42.679, 42.908, 43.216, 42.981, 42.936, 43.098, 43.002, 43.031000000000006, 43.151, 43.144, 42.795, 43.104]
average: 43.05979999999999
average cputime: 5.585980200000003

# Not considering the num of As
result for default strat 17 and sim_num 100000 and play_num 100000
scores: [42.9, 42.324, 42.774, 43.08, 42.47, 42.786, 42.722, 42.642, 42.568, 42.679, 42.671, 42.658, 42.866, 42.967, 42.788, 42.824, 42.723, 43.076, 42.644999999999996, 43.088, 42.563, 42.692, 42.93, 42.872, 42.665, 43.075, 42.901, 42.718, 42.655, 42.888, 42.869, 42.732, 42.664, 42.826, 42.852000000000004, 42.777, 42.848000000000006, 42.506, 42.655, 42.911, 42.812, 42.652, 42.699, 42.584, 42.760999999999996, 43.074, 42.96, 42.659000000000006, 42.557, 42.668, 43.008, 42.787, 42.836, 42.870999999999995, 42.716, 42.869, 42.557, 43.010999999999996, 43.033, 42.824, 42.89, 42.89, 42.864999999999995, 42.699999999999996, 42.839, 42.741, 42.899, 42.794, 42.582, 42.725, 42.671, 42.802, 42.777, 42.870000000000005, 42.936, 42.765, 42.784, 42.716, 42.93, 42.794, 43.004, 42.785000000000004, 42.876999999999995, 42.754999999999995, 42.697, 42.886, 42.980000000000004, 42.992000000000004, 42.99, 42.838, 42.773, 42.766999999999996, 42.564, 42.9, 42.486000000000004, 42.945, 42.661, 42.824, 42.768, 42.847]
average: 42.79096999999997
average cputime: 5.55485102

With higher rank lower rank consideration:
result for default strat 17 and sim_num 100000 and play_num 100000
scores: [43.004999999999995, 43.092999999999996, 43.319, 43.055, 43.22, 43.165, 43.205, 42.835, 43.018, 42.870000000000005, 42.969, 43.123, 43.181999999999995, 42.897999999999996, 42.995, 42.969, 43.239, 43.158, 42.998, 43.092000000000006, 43.295, 43.181000000000004, 42.887, 42.913000000000004, 43.231, 43.297000000000004, 43.125, 43.108000000000004, 43.046, 43.064, 43.108999999999995, 42.907000000000004, 43.169999999999995, 43.117, 43.039, 42.825, 42.754, 42.943, 43.202, 43.107, 43.231, 43.212, 43.159, 42.935, 43.230000000000004, 43.187999999999995, 43.039, 43.193, 42.927, 42.798, 42.959, 42.986000000000004, 42.884, 43.108999999999995, 42.785000000000004, 42.979, 43.3, 42.882999999999996, 43.321, 43.346000000000004, 43.069, 43.089, 43.013, 42.956, 42.94, 43.159, 43.0, 43.153000000000006, 43.007, 43.024, 43.116, 43.241, 43.145, 42.967, 43.009, 43.305, 43.221, 42.792, 42.873, 43.008, 42.918, 43.001, 43.128, 43.058, 43.206, 43.217, 43.25, 42.839, 43.245, 42.973, 42.844, 42.895, 43.195, 43.216, 43.233, 43.119, 43.129, 43.132, 42.971, 42.744]
average: 43.065919999999984
average cputime: 5.634528490000003


result for default strat 17 and sim_num 500000 and play_num 100000
scores: [43.122, 42.832, 43.167, 43.285000000000004, 43.265, 43.149, 43.225, 43.242999999999995, 43.233, 43.214000000000006]
average: 43.173500000000004
average cputime: 8.355911200000001

result for default strat 17 and sim_num 500000 and play_num 100000
scores: [43.135, 43.025000000000006, 43.226, 43.114000000000004, 43.226, 43.101, 42.915, 43.056, 43.412, 43.006]
average: 43.1216
average cputime: 8.3384739

averaging 10 sim matrices instead of 


num of interest 2-7
result for default strat 17 and sim_num 100000 and play_num 100000
scores: [43.065, 42.68, 42.844, 42.854, 42.914, 42.835, 42.674, 42.629, 43.171, 42.99, 42.405, 42.846000000000004, 42.746, 42.948, 42.963, 42.986000000000004, 43.009, 43.053000000000004, 43.35, 42.92, 42.777, 42.989, 42.775, 42.859, 43.168, 42.967, 42.809000000000005, 42.979, 42.803000000000004, 42.905, 42.912, 42.936, 43.052, 42.82, 42.748999999999995, 42.917, 43.208999999999996, 43.059999999999995, 42.811, 42.867, 42.663000000000004, 42.729, 42.911, 42.602000000000004, 42.857, 43.13, 42.866, 43.004, 42.467, 43.089, 42.793, 42.426, 43.037, 42.78, 42.925999999999995, 42.937, 42.813, 42.608000000000004, 42.892, 42.884, 42.888999999999996, 42.6, 42.888, 43.166, 42.754, 43.002, 43.064, 42.786, 43.028, 42.970000000000006, 42.632, 42.712, 42.834, 42.714, 43.135, 42.796, 42.959, 42.806, 42.536, 42.868, 42.897, 42.602000000000004, 43.051, 43.039, 43.04, 43.139, 42.798, 42.598, 43.061, 42.803000000000004, 42.706, 42.915, 42.791000000000004, 42.855, 42.665, 42.886, 42.854, 42.984, 42.729, 42.742999999999995]
average: 42.86955000000001
average cputime: 9.89247364999999

42.8365

average: 42.922200000000004

result for default strat 17 and sim_num 100000 and play_num 100000
scores: [42.713, 42.545, 42.923, 42.79, 43.086999999999996, 42.561, 42.821999999999996, 43.032, 43.014, 42.992000000000004, 42.638, 42.546, 42.785000000000004, 42.734, 42.702, 42.758, 43.008, 43.044, 42.648, 42.862, 43.029, 43.024, 42.899, 42.931999999999995, 42.547000000000004, 42.74, 42.952, 43.189, 42.794, 42.929, 42.675999999999995, 43.021, 42.968, 42.924, 42.742999999999995, 42.480000000000004, 42.678, 42.760999999999996, 42.901, 42.912, 42.724000000000004, 43.05, 42.789, 43.104, 43.02, 42.905, 42.819, 42.947, 43.063, 42.795, 42.870000000000005, 42.924, 42.864999999999995, 42.906, 42.948, 42.956, 42.657000000000004, 42.86, 42.949, 42.608000000000004, 42.879, 42.547000000000004, 43.072, 42.996, 42.852000000000004, 42.94, 42.866, 42.927, 43.086999999999996, 42.935, 42.802, 42.842, 43.061, 42.842999999999996, 42.702, 42.89, 43.16, 42.754999999999995, 42.775, 42.844, 42.51, 42.842999999999996, 42.925000000000004, 42.744, 42.836999999999996, 43.062, 42.839, 42.824, 42.742000000000004, 42.64, 42.870000000000005, 42.814, 42.729, 43.001, 42.914, 42.937, 42.498000000000005, 42.416, 43.108999999999995, 42.870999999999995]
average: 42.849620000000016
average cputime: 10.15378244









num of interest 2-8
scores: [42.766, 42.805, 42.929, 42.998999999999995, 42.815999999999995, 42.8, 42.959, 42.624, 42.701, 42.825, 42.742000000000004, 43.074, 42.382999999999996, 42.689, 42.617, 43.216, 42.934, 42.557, 42.699999999999996, 42.571999999999996, 42.606, 42.747, 42.723, 42.737, 42.853, 42.861, 42.842, 42.876, 43.222, 42.775, 42.978, 42.608000000000004, 42.789, 43.107, 42.753, 42.869, 42.876, 42.775999999999996, 42.52, 42.703, 42.519, 43.01, 42.6, 42.779, 42.766999999999996, 42.541000000000004, 42.731, 42.663000000000004, 42.823, 42.936, 42.773, 42.721, 42.576, 42.903999999999996, 42.887, 42.702, 42.825, 43.184, 42.677, 42.992999999999995, 42.842, 42.631, 42.857, 42.946, 42.679, 42.258, 42.718, 42.647, 42.671, 42.862, 42.857, 42.970000000000006, 42.763, 42.537000000000006, 42.553999999999995, 42.606, 42.851, 42.903000000000006, 43.124, 42.916, 42.881, 42.748999999999995, 43.101, 43.003, 42.836, 42.893, 42.793, 42.844, 43.001, 43.07, 42.774, 42.915, 42.831, 42.798, 42.975, 42.945, 42.620999999999995, 42.545, 42.695, 42.479]
average: 42.79481
average cputime: 11.582104769999992


num of interest 2-7 & increase percentage of bust when simulating
result for default strat 17 and sim_num 100000 and play_num 100000
scores: [42.99, 42.586, 42.782, 42.607, 42.658, 42.946, 42.765, 42.842, 42.665, 42.655, 42.783, 43.01, 42.899, 43.038, 42.847, 42.762, 43.092000000000006, 42.912, 42.918, 42.844, 42.663000000000004, 42.735, 42.634, 42.671, 42.863, 42.949, 42.759, 42.692, 43.004, 42.681999999999995, 42.675999999999995, 42.864999999999995, 42.917, 42.922, 42.82, 42.622, 42.838, 42.747, 42.874, 42.841, 42.667, 42.988, 42.612, 42.686, 42.986000000000004, 42.695, 42.815999999999995, 43.047999999999995, 42.769, 43.004, 42.748000000000005, 43.027, 42.683, 42.856, 42.885, 43.166, 42.71, 42.847, 42.888999999999996, 42.946, 42.845, 42.774, 42.734, 42.962, 42.64, 42.876, 42.734, 42.907000000000004, 42.878, 42.803999999999995, 42.851, 42.762, 43.039, 42.927, 42.83, 42.751, 42.967, 42.726, 42.828, 42.931000000000004, 43.016, 42.55, 42.863, 42.67, 43.092000000000006, 42.729, 43.14, 42.668, 42.672, 42.975, 42.914, 42.79, 42.894, 42.714, 42.681999999999995, 42.71, 42.879, 42.693999999999996, 43.120999999999995, 42.775999999999996]
average: 42.82718000000002
average cputime: 9.956807660000004


num of interest 2-6
result for default strat 17 and sim_num 100000 and play_num 100000
scores: [43.0, 42.856, 42.802, 43.027, 43.208999999999996, 42.726, 42.91, 42.648, 42.611, 42.853, 42.933, 43.053000000000004, 42.815999999999995, 42.827, 43.007, 42.735, 42.769, 42.962, 42.836999999999996, 43.108999999999995, 42.699999999999996, 42.882, 42.752, 42.793, 42.771, 42.722, 42.524, 42.94, 42.86, 43.024, 42.677, 42.924, 42.82, 42.796, 42.783, 42.772, 42.784, 42.582, 42.984, 42.760999999999996, 42.908, 42.542, 42.945, 43.010999999999996, 42.919000000000004, 42.96, 43.059, 42.909000000000006, 42.998, 43.103, 42.864000000000004, 42.916, 42.921, 42.514, 42.846000000000004, 42.765, 42.817, 42.831, 42.896, 42.827, 42.487, 42.899, 42.842, 42.919000000000004, 42.744, 42.86, 42.832, 42.969, 42.651, 42.815999999999995, 42.792, 42.84, 42.895, 43.038, 42.775999999999996, 42.9, 42.785000000000004, 42.764, 42.747, 42.672, 43.006, 42.563, 42.782, 43.024, 42.734, 42.726, 42.897, 42.882999999999996, 42.797000000000004, 42.933, 42.506, 42.82, 42.969, 42.970000000000006, 43.039, 42.93, 42.872, 42.851, 43.153000000000006, 42.709]
average: 42.84484
average cputime: 8.255882289999999



# Same simulation # for all num of card cases
STRAT 17
result for default strat 17 and sim_num 100000 and play_num 100000
scores: [43.171, 42.844, 42.708, 42.879, 42.787, 42.826, 42.918, 42.963, 42.656, 43.077]
average: 42.88290000000001

result for default strat 17 and sim_num 100000 and play_num 100000
scores: [42.923, 42.973, 42.907000000000004, 42.831, 42.565, 43.171, 42.849, 43.05, 42.625, 42.652]
average: 42.8546
average cputime: 9.916816899999997

result for default strat 17 and sim_num 100000 and play_num 100000
scores: [42.719, 42.885, 43.02, 43.114000000000004, 42.903000000000006, 42.855, 42.646, 42.952, 42.789, 43.023]
average: 42.890600000000006
average cputime: 9.8842393

result for default strat 17 and sim_num 100000 and play_num 100000
scores: [42.781000000000006, 42.966, 42.851, 42.757, 42.906, 42.791000000000004, 42.891, 43.044, 42.903000000000006, 42.875, 42.979, 42.771, 43.033, 42.863, 42.638999999999996, 42.647, 42.673, 42.947, 42.666, 42.788, 42.534, 43.010999999999996, 42.765, 42.928, 42.943999999999996, 42.888, 42.692, 42.607, 42.899, 42.836, 42.939, 42.934, 42.915, 42.838, 43.107, 42.765, 42.739, 43.019, 43.175999999999995, 42.876999999999995, 42.674, 42.699, 42.777, 42.480000000000004, 42.455, 42.693999999999996, 42.828, 42.730000000000004, 42.859, 42.614999999999995, 42.748000000000005, 42.93, 42.8, 42.892, 42.698, 42.604, 42.842999999999996, 42.699, 42.764, 43.073, 42.733, 42.72, 42.808, 42.832, 42.553999999999995, 43.268, 42.895, 42.742999999999995, 43.025999999999996, 42.757, 42.759, 42.487, 42.69, 43.004, 42.765, 42.936, 42.984, 42.799, 42.719, 42.815, 42.533, 42.693999999999996, 43.105, 42.899, 42.687999999999995, 42.931000000000004, 43.247, 42.835, 42.878, 42.72, 43.029, 42.786, 42.658, 42.628, 42.748999999999995, 42.9, 42.744, 42.854, 42.842, 42.819]
average: 42.81878999999998
average cputime: 9.810321059999993

avg: 42.87603

result for default strat 17 and sim_num 10000000 and play_num 100000
scores: [42.745]
average: 42.745
average cputime: 988.845589

STRAT 16
result for default strat 16 and sim_num 100000 and play_num 100000
scores: [42.797000000000004, 42.83, 42.977, 43.212, 42.797000000000004, 42.981, 42.903000000000006, 43.102000000000004, 42.744, 42.992000000000004]
average: 42.93350000000001
average cputime: 9.906252599999998

result for default strat 16 and sim_num 100000 and play_num 100000
scores: [42.869, 43.038, 42.61, 42.651, 42.703, 42.92, 42.959, 42.642, 42.717, 42.643]
average: 42.7752
average cputime: 10.0188257

result for default strat 16 and sim_num 100000 and play_num 100000
scores: [42.854, 42.835, 42.738, 42.994, 42.941, 42.970000000000006, 42.788, 42.805, 42.848000000000006, 42.641]
average: 42.84140000000001
average cputime: 10.319841899999997

avg: 42.85

STRAT 18
result for default strat 18 and sim_num 100000 and play_num 100000
scores: [42.561, 42.672, 43.018, 42.931000000000004, 42.991, 42.814, 42.579, 42.812, 42.975, 42.744, 42.666, 42.721, 42.931999999999995, 42.673, 42.897999999999996, 43.058, 42.748999999999995, 42.565, 42.967, 42.846000000000004, 42.746, 42.913000000000004, 42.875, 42.76, 42.912, 42.937999999999995, 42.71, 42.806, 42.784, 43.248]
average: 42.828800000000015
average cputime: 9.926542066666666

// With less sims
result for default strat 17 and sim_num 10000 and play_num 100000
scores: [42.605, 42.335, 42.368, 42.374, 42.391, 42.536, 42.16, 42.537000000000006, 42.52, 42.271]
average: 42.4097
average cputime: 0.9793095

// divide up the trials into num_of_cards_list
result for default strat 17 and sim_num 100000 and play_num 100000
scores: [42.504, 42.118, 42.018, 42.137, 42.299, 42.385, 42.716, 42.076, 41.839, 42.58]
average: 42.267199999999995
average cputime: 1.6839164999999998


# Increased simulation for large num of card cases
result for default strat 17 and sim_num 100000 and play_num 100000
scores: [42.970000000000006, 42.978, 42.786, 42.985, 42.951, 42.738, 42.954, 42.985, 42.841, 42.884]
average: 42.9072

result for default strat 17 and sim_num 100000 and play_num 100000
scores: [42.956, 42.68, 43.007, 42.777, 42.934, 43.043, 42.752, 42.543, 43.051, 42.778]
average: 42.8521
average cputime: 34.4813165